Silhouettes:
0,8384558516317795, 
0,4263000185932743, 
0,7986080250098679, 
0,7040517842051978, 
0,9833333333333333, 
0,9219920540637507, 
0,2970827405538975, 
0,2312107463401484, 
0,8709648897596663, 
0,25592711481468033, 
1,0000, 
0,9999999999301911, 
0,9999999999576841, 
0,8004257485287107

nmis max:
0,433426644766415, 
0,7273731819640139, 
0,9435979464584779, 
0,8221467880908541, 
0,4955339387913727, 
0,22627071044690247, 
0,44849791227444435, 
0,35177418858614046, 
0,3335604185328753, 
0,08891968618763889, 
0,07957963281250897, 
0,10270303091997851, 
0,07618587102390163, 
0,3470132380446734

nmis means:
0,27448959445365717, 
0,3359352341887452, 
0,8569965087410663, 
0,7405836799041765, 
0,19767450415883983, 
0,07811000516269814, 
0,3100529779304135, 
0,19567386217288565, 
0,14838274015125597, 
0,04425078967053478, 
0,03779608813692032, 
0,04575847411544601, 
0,038701794012692387, 
0,22601769820185044

